13
8853
2496
8850
2493
8852
4211
2495
2497
8851
4210
7579
2494
4209
24
4703
9187
5348
4796
2673
4094
7295
4797
2674
7296
4702
4798
7293
4699
9186
5347
4795
2672
6702
4093
7294
4793
4794
2671
13
4481
4167
4168
4483
4556
1383
6449
4482
4169
4484
4557
4485
4486
5
1
7437
0
3
2
9
902
6077
6075
6143
301
901
6076
6074
6078
16
8225
8224
5606
8227
7776
5607
8229
5605
3248
1819
8226
6351
7775
7774
8228
7777
4
8149
5200
8150
8151
15
1088
7342
1091
1087
3898
7341
3096
1090
8314
7340
3095
1089
8991
7339
7338
17
6627
9224
6625
9222
8651
4014
5828
9220
6623
5916
5918
6626
9223
5829
9221
6624
5917
22
664
2223
8717
2074
5152
2224
8718
2075
60
8038
2225
8719
6001
6002
6003
6006
6004
8716
59
6005
2222
5151
4
1253
1255
1254
1256
9
790
791
1454
1450
2343
1455
1451
1453
1452
12
7981
6663
7164
7982
1713
6664
6667
7984
6666
7165
7983
6665
26
9340
192
5527
4334
5525
7651
9341
8889
193
3013
5529
8888
9539
9343
8891
195
3015
3012
8887
7652
9342
8890
194
3014
9540
8892
9
7058
1552
7061
1555
7059
4373
1553
7060
1554
15
7919
7918
3380
2769
3314
3381
2770
7916
2767
7917
3379
2768
3313
2766
3378
8
8522
8523
8521
8519
9109
8520
5723
8518
7
3656
9613
3657
3654
3655
2534
9612
10
238
237
6833
3562
6949
3563
239
236
241
240
0
