6
7330
4351
7052
633
4352
634
0
2
1428
1973
3
8255
3542
8254
7
5438
2301
2299
2302
5437
2300
3019
3
6709
8170
1721
7
2749
2748
2747
2751
2746
8892
2750
0
0
3
2942
2941
2944
5
8073
5490
7454
5491
7455
1
6800
4
6017
6016
3262
6015
0
0
3
144
6615
145
13
263
8361
264
8362
4769
267
8365
8360
266
8364
262
265
8363
10
8725
7502
7500
8726
7501
7505
7504
8727
8728
7503
6
6134
6133
6132
3128
6857
6131
0
3
4163
4162
4161
0
12
699
7876
851
8990
7878
853
8986
8989
852
854
8988
8987
0
2
583
357
6
1516
1514
1512
1515
1513
1511
4
2669
3429
2668
2667
7
3706
5804
3707
5805
5803
3705
5806
2
3919
3918
1
0
9
8617
8618
8616
5302
5303
1846
5304
8619
8620
3
2415
2416
2417
3
7821
8806
8660
7
1128
1132
1131
6369
6368
1129
1130
2
4412
4413
7
4995
4997
4994
1311
1312
1313
4996
0
2
7999
8000
8
1655
7226
1656
3798
2184
1657
2185
1658
11
8858
8852
8853
8856
8850
8854
7697
8857
8851
8855
7698
