21
8853
4212
8849
2492
2496
8850
2493
2498
8852
4211
7580
2495
2491
8854
2497
8851
4210
7579
2494
4209
4208
48
4703
4704
4700
9187
5348
4796
2673
6703
4094
7295
4799
7298
4701
9188
5349
4797
2674
4095
7296
7292
5346
4702
4798
2675
7297
7293
4792
2670
4699
9186
5347
4795
2672
6702
4093
7294
5433
7291
5345
5431
2669
4698
6701
4793
9185
4794
2671
4092
25
4480
4555
4481
4479
4167
2157
4168
4483
4556
1383
6449
4482
4169
4484
4557
1384
6450
4170
4485
4558
6452
1385
4487
6451
4486
8
7438
1
6533
7437
4
0
3
2
19
900
6144
302
902
6077
6075
6146
899
6079
6143
301
901
6076
3810
1289
6074
903
6078
6073
30
8225
8224
5606
7773
3249
1820
8227
6352
7776
5607
8229
7778
5605
7772
6272
3248
1819
8226
6351
7775
5604
3247
7774
8223
7780
8228
7777
5608
8230
7779
7
5199
8149
5200
8150
5201
8151
8152
26
1088
3899
3900
7342
3097
1091
3897
7343
1092
3094
1087
3898
8315
7341
3096
1090
8992
8314
7340
3095
1089
8991
7339
8990
7338
7337
29
9219
5919
6627
9224
5830
5915
6625
9222
8651
4014
1183
957
5828
9220
5826
6628
9225
6623
5916
5918
6626
9223
8652
4015
5829
9221
5827
6624
5917
46
664
2223
8717
2074
5268
447
5152
665
2224
8718
2075
60
8038
6000
8405
7256
5153
2225
8719
2076
61
8039
6001
7257
2226
8720
6002
6008
6003
5031
6006
5029
6004
8716
2073
2221
5150
59
8037
6007
5030
6005
2222
5151
8715
58
7
1253
1255
1252
1257
7841
1254
1256
19
790
2893
791
2345
792
1454
1450
1457
2343
1455
2891
1451
2342
2344
1453
1456
789
2892
1452
19
7981
1712
6663
7164
7982
1713
6664
6667
7166
7984
7980
7163
6666
7165
7983
1714
6665
6668
7985
49
9339
9340
192
9538
3011
9338
4333
7649
5527
4334
5525
7651
1977
9341
8889
193
9433
3013
1616
5529
7650
8888
5528
4335
9539
7653
9343
8891
195
3015
4336
9541
8893
191
5526
3012
8887
7652
9342
8890
194
3014
9540
9344
8892
196
3016
5530
8886
16
7062
1556
7058
1552
7061
1555
1550
7059
4373
1553
389
7057
1551
7060
4374
1554
23
3312
7920
7919
7918
3380
2769
3314
3381
2770
3315
7915
3382
2771
7916
2767
7917
3379
2768
3313
6195
2766
3378
3377
16
9111
9112
8522
8523
8524
8517
9110
8521
5724
8519
8516
9109
8520
5723
8518
9108
13
3656
2535
9613
3658
9611
3657
9614
3653
3654
3655
2534
9612
3652
16
3561
238
235
237
6833
3562
6949
6834
3563
239
6950
236
242
241
3564
240
2
4285
4286
